74.78925406
28.267876
000048.80871
33.5762571
046.522494
0060.03345
50.13654
029.401766
35.32163977
0049.3929428
013.37975916
098.46421
009.26973127
0097.6741052
030.2503
0045.6476577
00063.683
067.78126611
98.86249343
052.15084
4.28132492
0000064.1204
055.318916
0065.504
38.81475948
25.31390892
42.33697579
48.123424
70.1921368
00059.039
000045.4938
082.86917763
048.84787874
0045.44174
0045.771
4.85198374
00043.078703
000051.5978
64.322137
0024.953678
00053.695
0060.7396
000076.092
00089.88124
91.448328
000012.37446
0095.0589271
044.2514153
00028.23168
000006.65775
000056.5306
043.44884
11.70601
13.2198227
21.1611981
00060.7115
92.880717
076.726641
58.3089612
62.97733647
94.8364585
044.08151
0083.1462297
75.96291279
0037.66921
00035.0197
0005.40751
0086.948041
20.97444472
0000024.2046
00000027.342
68.199755
0000001.1617
93.0247599
00063.88055
0000001.6852
000066.415
24.64814595
00000023.983
95.9389764
27.23279381
7.218229083
00037.08691
073.7993131
00000066.982
0000008.4074
00060.817
55.9930574
0096.062194
83.3468709
72.978864
0043.4422849
0058.4167
00049.6054
00000017.9
023.3346
00089.246
25.773023
96.653851
77.613307
0046.2563
98.21817267
40.75784508
99.32594067
00080.7324
54.76402779
082.92677285
096.912862
00053.849
00000072.908
00049.2908
00000031.449
4.69922033
00051.767
0000097.154
31.01883
0046.239
049.1015253
096.59173
00028.6923
00083.725
000056.73509
91.6725633
0000080.058
000085.58583
00082.67551
11.29184688
000082.118
91.66079134
5.55826739
0086.69068
007.4009
029.688607
22.2753945
21.06161469
0000025.6162
33.44025
72.73558891
002.54319
92.80233
00058.955439
0000080.364
92.2606144
7.30319291
000041.04819
0035.176
021.931913
0.04363918
0031.4064
00067.631058
52.20054862
0098.18172
0036.22882
00007.529572
016.8494
0014.23686
78.274873
071.21487
075.796624
00094.293494
0082.17893
60.340966
00059.398735
0081.22969
7.943972796
13.350531
66.2768991
23.124008
91.766807
00016.560913
25.926886
0000088.8075
000021.811
062.12262242
43.51093
00096.61698
38.56961605
000053.81874
019.594666
00082.27967
00000029.301
011.678089
68.20044109
60.492973
060.5179854
0000012.015
05.60275
086.4663444
0083.11548
029.0333
99.14924
92.7069155
011.041169
37.439396
0026.5676808
00058.00515
0039.4134
00071.62148
2.48749413
0004.2003
30.3628897
53.89601286
00023.09366
43.85999016
088.9745838
43.1964167
000000031.25
23.448288
0003.9205
000016.25749
85.81159874
00045.1988
83.123665
028.46496
0060.4115
050.5641012
0000090.5592
00000074.251
72.5716167
0000086.002
012.04014
0038.97345
52.9524188
0000054.6535
91.7881615
066.6383
00057.871774
00026.265098
0067.5908832
00000054.999
36.62419
73.40826
68.73069583
000077.4283
0023.7522471
81.91667584
38.88932082
000051.019
010.676256
59.31691272
70.82251803
00000057.076
47.477183
068.39353
0014.2237265
0000055.0811
83.35388194
00095.8446
00025.15154
58.69216
00071.425889
0046.199301
046.31477
0025.2544
000064.227
0.924988291
50.14657
00082.33146
021.46599878
00047.990407
00029.734
00000004.958
1.6648803
0065.938
85.2106809
37.57794
71.50390499
00016.89238
00025.547591
048.9958
00000068.516
00000096.731
28.6836762
060.4839
11.10603599
092.17758663
46.6344438
0000036.369
0000059.593
000085.15204
63.92923868
000017.90322
88.97150847
031.9720036
55.3876453
34.9460108
0054.89652
0000029.388
00006.25452
0000043.1855
0097.56694
070.2888239
87.612405
088.24982
45.7695512
00065.26
0097.8566
34.96646207
00044.73768
0000027.8518
0013.697475
0078.548746
000049.1277
000038.1812
000000027.27
00000029.566
0099.82605
44.10410953
3.50944076
0035.2954
00025.408
0000022.794
013.25034
035.5147227
033.259228
008.793549
0066.897345
00000025.222
000033.88519
58.0205667
10.447517
53.0728971
56.48651902
0065.41803
7.720813349
0000065.527
00022.434
048.6918466
1.41873589
77.27430399
0028.1685638
3.034835
0036.55854
75.5270226
0016.727
8.027873
083.08202752
049.33425
005.0669
38.13645882
98.8490156
0078.9937601
00097.390688
20.12376069
34.9048182
88.97823
00009.65116
0057.6316393
85.6488202
000053.325
0000.647322
21.0638159
00034.0165
01.24345223
000090.2683
009.7617162
55.19246391
070.943216
6.857375061
040.1436
000063.1977
0005.224
47.40598566
29.8965688
52.999763
00072.6782
46.0645363
0030.808
0086.9323
00000034.618
083.82462975
0030.72899
00088.1868
5.92959957
34.7716603
37.87801731
0009.1433
080.5247
00000065.905
0061.204
0023.898613
17.31380516
21.57980232
00025.7219
088.67765001
0026.40475
0024.22911
027.7855
0066.856
0000099.044
097.983276
75.85062966
00079.744939
0057.762
004.783795
49.7967692
56.777577
0092.11671
00018.78446
60.6177632
000061.56917
0098.0885
071.46217327
00077.22347
000000024.15
0004.6735
053.2940337
27.16236717
20.36493576
10.73887817
0000048.986
000084.58945
0000018.378
0094.1633
0041.7161407
64.97083124
29.5793864
38.503725
00050.6874
025.5288478
023.164894
00070.8613
00073.837654
077.6520464
00069.9824
97.53228794
0.320482551
048.475236
20.7088941
93.072333
053.517373
00027.118
056.44671
00053.9948
049.4799856
00063.4768
0025.006344
0027.4290982
23.07181292
89.25221
080.52685084
0000001.8973
92.63548
21.222301
000045.8143
31.431279
73.37943
00000013.597
85.76707
0089.7273
082.5481347
000047.9056
89.07002443
96.065122
93.503022
00000020.117
017.7839
018.83130487
00000078.792
0097.6885
00015.2339
0000.1681934
0091.77441
0000006.5459
071.5492
00079.636743
0066.157
0087.00445
00046.658
45.7165471
007.7677711
00053.121886
028.68251834
60.65761
39.2033265
000069.21126
0026.778
055.58526
00082.8946
040.873693
57.0608161
058.28953
25.72131
00050.58719
00076.2574
55.808918
23.43444
0026.654264
0043.190425
94.45095965
00000096.343
00043.261616
000096.63704
00066.0055
96.87236
0083.922
091.4877
000010.2671
0067.37915
03.278942
