# 
#  numbers.txt 
#  ['Wed Apr 30 13:53:57 PDT 2014'] 
#  Created for Midterm 
# 
13.223   17.834   11.287   13.851   25.197  
21.669   11.610   28.326   24.724   25.907  
22.728   16.405   32.229   29.296   26.285  
23.539   22.017   23.502   17.150   16.529  
16.014   25.714   12.459   11.977   27.250  
19.156   12.900   13.502   22.089   36.033  
28.287   20.571   16.376   19.831   32.342  
11.212   10.835   26.757   31.125   35.154  
27.478   34.404   23.864   28.284   16.775  
31.686   14.166   24.435   23.367   13.446  
36.103   30.061   14.297   12.199   19.076  
32.621   25.611   34.831   14.761   28.812  
15.863   12.520   25.532   18.735   11.014  
28.968   14.110   18.551   10.836   12.766  
29.519   29.634   25.123   12.611   19.115  
22.653   30.886   18.233   36.033   22.029  
22.950   24.944   28.705   18.203   10.836  
21.000   28.716   34.057   22.514   14.985  
35.088   12.136   19.958   20.881   30.267  
12.555   29.327   27.945   16.363   29.956  
19.067   18.621   25.580   18.690   18.632  
18.221   24.035   19.767   17.231   14.556  
26.924   26.999   14.584   34.427   25.412  
28.976   12.363   22.334   34.203   20.696  
28.739   24.718   12.708   28.131   13.028  
24.058   19.543   24.448   12.348   27.419  
31.350   31.351   19.024   32.052   28.058  
11.076   24.578   13.865   19.535   27.701  
20.211   12.156   32.750   17.648   16.247  
21.501   35.068   10.952   33.637   28.650  
22.814   33.803   24.318   24.289   28.914  
24.225   28.255   23.031   29.195   34.913  
29.641   34.715   16.323   25.386   19.905  
26.598   14.280   23.927   30.370   35.462  
16.057   31.572   17.762   30.549   32.054  
11.573   32.779   20.969   28.756   24.349  
17.749   35.576   16.741   29.628   32.976  
35.039   26.468   12.336   27.709   25.804  
19.612   26.232   23.593   21.258   32.119  
34.973   16.685   32.227   21.305   34.519  
14.529   19.915   26.259   33.151   35.816  
12.737   24.821   25.678   22.402   28.166  
16.300   22.851   29.696   14.333   25.128  
14.977   32.528   25.454   12.504   19.947  
22.106   22.811   13.704   27.238   30.372  
33.249   18.078   19.290   22.105   16.547  
24.763   35.835   22.770   30.550   21.656  
31.191   14.573   27.433   11.837   20.459  
23.987   33.068   23.213   14.654   11.221  
11.507   31.049   30.148   34.740   14.407  
11.518   16.945   19.047   30.619   23.080  
13.044   23.582   22.466   24.778   22.993  
14.059   33.595   24.994   31.156   30.806  
35.476   31.694   14.549   16.700   34.486  
33.643   29.562   28.501   10.705   32.624  
16.850   29.689   29.445   22.797   31.577  
25.252   17.705   22.093   19.809   27.324  
22.177   32.817   11.463   18.836   35.316  
16.829   26.871   36.114   17.240   14.325  
28.747   24.609   19.652   14.235   19.703  
16.532   11.694   14.188   28.536   22.779  
28.760   33.900   31.474   31.279   18.868  
11.750   22.941   25.004   26.265   17.534  
17.812   13.278   13.287   26.340   34.792  
19.301   21.276   29.084   19.123   27.834  
22.287   23.239   13.529   14.292   21.152  
17.998   26.769   18.079   33.477   11.668  
15.719   35.321   16.875   13.682   31.897  
28.721   30.867   27.987   20.708   23.436  
23.539   18.860   20.874   35.051   20.609  
27.576   18.503   10.782   23.658   30.661  
34.806   18.068   31.928   15.714   12.601  
17.665   29.926   23.501   29.341   35.957  
25.681   19.052   27.880   11.384   16.566  
29.499   32.996   16.125   31.178   14.573  
28.981   23.724   22.311   31.048   14.432  
23.001   21.719   23.583   17.926   16.403  
24.029   29.706   30.616   35.203   22.487  
31.001   17.305   31.816   30.497   25.642  
29.160   33.914   14.013   22.210   11.652  
18.083   20.915   25.920   28.384   31.114  
29.833   16.150   17.653   25.446   30.547  
28.649   11.863   15.331   24.211   26.182  
18.353   23.053   32.228   24.370   25.757  
27.120   23.206   28.554   20.113   22.552  
25.235   21.815   14.414   13.888   10.772  
18.997   35.800   18.592   28.014   17.677  
15.860   14.851   30.174   23.184   22.141  
23.009   19.328   22.429   30.281   22.529  
26.685   13.864   28.803   35.252   15.132  
11.077   11.471   12.466   16.267   20.546  
27.610   35.742   15.079   31.111   34.081  
12.264   34.169   31.612   25.198   31.584  
15.071   31.527   13.269   23.062   27.263  
26.788   24.774   21.873   30.118   15.904  
16.433   26.871   33.470   34.961   32.903  
20.031   35.596   25.117   32.191   33.649  
33.504   34.244   13.114   24.419   13.976  
17.456   14.855   11.951   14.063   14.399  
34.705   24.143   31.561   30.087   20.516  
